,driver_id,career_len,rides_per_day,profit,responding,arrival,waiting,speed,total_duration
0,bd057e02f75c92917389d90bb215fe91,1,13.5,256.32706196743175,9.518518518518519,9.0,689.5384615384615,6.61995314117583,305.8833333333333
1,6eb2e0f41fc9f1fbb70e7751035fdf87,1,17.5,411.5581426174704,2.1714285714285713,1.9428571428571428,459.0,7.593259374594524,513.8
2,68b546b2f4102641d6774c1ce4f57457,1,11.0,241.41464795920476,2.8181818181818183,2.5454545454545454,2926.2380952380954,5.968257137153125,333.9333333333333
3,e4f3a9d5cf57b9b518136afd9757f76d,3,8.0,279.4697934846998,2.03125,1.875,2532.1935483870966,5.475024951285585,350.6833333333332
4,9fa4b644d8b6ea510119808c37f22223,6,7.8,403.98173232505263,3.41025641025641,3.0256410256410255,2237.5,7.845080050368772,463.25
5,b8df3a1ffca045016321353536ac86cf,4,12.333333333333334,373.7551049788526,4.243243243243243,3.918918918918919,2040.6666666666667,6.586399108138239,463.45
6,1110d496149d3d8c50276765924df831,7,7.0,285.9636169112804,7.571428571428571,7.571428571428571,173.5185185185185,4.887174618245115,421.3
7,9835cfed2c02bee16b5f0eeac3b4926a,8,6.111111111111111,670.3880713087352,5.509090909090909,5.418181818181818,63.7962962962963,8.209352606869286,809.4000000000001
8,3b2dca5cc3db92a05ea35056887108b6,5,4.333333333333333,295.0991617640358,23.923076923076923,23.692307692307693,337.04,8.242346568651158,344.6166666666667
9,84e1a98ccf46774bc4f5c6374079dc07,11,5.25,404.5132527868568,11.0,10.595238095238095,147.78048780487805,6.304419743284372,503.8
10,a2334fdb829cf96fbae920df0cce1587,2,8.333333333333334,255.90212123396336,5.36,5.0,1868.1666666666667,5.984667385127853,340.23333333333335
11,0430df9a3eb327122c57ee3a64765000,8,5.375,473.60795437052883,3.6744186046511627,3.4651162790697674,1579.642857142857,7.134038553270294,593.9833333333333
12,e35d490b495edf857a448653e036bd44,14,4.25,363.547733832917,9.5,9.352941176470589,2582.0,6.2067273039299815,485.58333333333337
13,e1d2df8059744cac678fbdc113e9e697,17,6.625,582.8545835021396,4.377358490566038,4.2075471698113205,27.78846153846154,9.23019464003641,622.5166666666664
14,838495eb3f025e512228480eae127522,8,9.4,444.6759968724238,4.51063829787234,4.404255319148936,9.108695652173912,6.540844545256813,536.3833333333332
15,173a168d2b8830525f59be85a35f0000,17,6.333333333333333,378.7468712184291,3.6052631578947367,3.236842105263158,980.918918918919,6.280392224562373,482.71666666666664
16,ddf9fad53fff9a2f2ded181e1144b47f,15,9.25,390.53449947183316,4.4324324324324325,4.216216216216216,257.3888888888889,10.986688623576232,364.35
17,bd26a8a5910f6c87aed2fcce32782fae,12,6.4,313.30824626244305,2.25,2.03125,475.0967741935484,7.5764280345734685,354.80000000000007
18,d1576672b9ddf17e405ad295e66048ba,20,3.2222222222222223,283.1957982609849,9.03448275862069,8.793103448275861,1969.392857142857,5.410441316175835,385.96666666666664
19,895c14bfd7d1e2c26aee6938703f32f8,21,3.75,337.7812501522363,2.8333333333333335,2.7,2799.551724137931,6.560821836522771,449.4
20,7b625f643d0775f0ac4898e33235377b,15,1.0,25.691324505697988,147.33333333333334,145.66666666666666,3689.0,5.7797897196261685,28.533333333333335
21,89dab1d9f815cea34ce3612a6b7c0d51,7,9.666666666666666,790.1371612586529,4.948275862068965,4.810344827586207,1428.9473684210527,8.082776815895787,1010.7500000000001
22,0eff1404b137a5562642f0f706e59f25,22,4.090909090909091,447.1432607528551,5.911111111111111,5.644444444444445,230.77272727272728,7.921700673434516,497.4499999999999
23,ce577ac73e9022772835abf8d37e91d5,10,5.3,524.8897686546451,9.566037735849056,9.39622641509434,581.4423076923077,10.76648072132758,475.05
24,f06398053a230bf914041eb897dc8d62,12,5.444444444444445,581.5950200620545,3.4081632653061225,3.2653061224489797,30.645833333333332,7.1798160268883775,753.7333333333333
25,ce5b4b1624afd0dd514e8997a2a1ff1d,16,2.8181818181818183,480.73768042800174,10.580645161290322,10.193548387096774,1741.8666666666666,10.739630977939575,535.65
26,33b7762088cf5b82b8fe6fc291f93b6b,8,6.25,343.8172236154779,5.08,4.72,674.8333333333334,12.019849049206037,340.0666666666667
27,7c4bcea05c14431c65ef1d9cfa20ecb1,23,4.15,1152.280679321958,2.216867469879518,2.144578313253012,645.3048780487804,11.128047853896417,1206.4500000000003
28,d7e035984d4fba2d14bc37f1992a061f,11,6.5,472.46438672167886,6.9743589743589745,6.743589743589744,72.92105263157895,11.335857396471143,460.01666666666677
29,1c95fcac4de21d077072da1ea1705eb5,4,6.75,285.889338900833,6.296296296296297,5.37037037037037,2869.6153846153848,6.803602771362587,360.83333333333326
30,fed19d671569afe8a2f9fa0953dd25ca,26,4.714285714285714,408.8587381618137,4.363636363636363,4.090909090909091,67.5,8.832604206768627,476.21666666666664
31,faebff3d5429ff2036c125a91df765c8,28,2.823529411764706,579.9182829234344,15.291666666666666,15.145833333333334,1833.8510638297873,11.152991154562384,572.7999999999996
32,e610084768b3d8313be3a7dd22e5e5e7,19,3.4615384615384617,540.4525005157394,4.311111111111111,4.066666666666666,1208.840909090909,9.606245218327619,588.1833333333335
33,6ccc2af7009dfea4572de788827ac5a1,7,6.2,394.61938682524095,5.612903225806452,5.419354838709677,2745.8333333333335,6.1678220262783885,574.6166666666667
34,e08a1154c61bfa0adb7a029eed7df122,21,3.3846153846153846,692.0510543162621,6.181818181818182,5.4772727272727275,1908.6976744186047,12.599221135123441,693.3166666666666
35,55d7b17732745057aff29fcd0ce13014,28,5.285714285714286,405.82620582350523,4.243243243243243,4.054054054054054,2317.4444444444443,5.301233740858594,597.1
36,f1b4411717c78f67380366c2a16a4d1e,30,6.833333333333333,507.48199695527376,4.024390243902439,3.975609756097561,2144.0,9.818151545424273,550.5500000000001
37,44e9f61af64c2d25412a0f4532ada63c,13,4.7,453.73342093860435,3.9574468085106385,3.1914893617021276,1616.1304347826087,7.963870136038267,491.2833333333334
38,a7638b7beea5715330ac956372522b07,28,3.0,408.68897776314094,8.025641025641026,7.717948717948718,2120.4210526315787,8.479709446688656,449.71666666666675
39,8dfea9e24286290d2f59f5b51f00b6c2,27,3.6,510.9069830365242,6.166666666666667,5.805555555555555,1059.3714285714286,10.967866323907455,544.5999999999999
40,f758703e18f588f2370783f8b779e664,31,4.428571428571429,360.6995687258959,8.935483870967742,8.612903225806452,2693.866666666667,8.65157131345689,413.6666666666667
41,9a2b695c70ad62abcb4323d7e9a4b6cb,23,3.1333333333333333,564.0786497446157,4.0,3.872340425531915,1783.608695652174,8.262752646775747,675.3500000000001
42,579967d1572ee95c66ffa1ca4077b61a,31,9.0,486.3657894623468,2.5277777777777777,2.3333333333333335,1193.2857142857142,7.23386812855203,662.7666666666665
43,fde60697758e68d617f471e49f65db75,5,8.0,367.333422483751,6.125,5.53125,343.8709677419355,10.632395909422936,365.0666666666667
44,156a150f1dbafbb01a786a5f45bdd7b6,27,4.4,447.78043529231434,4.681818181818182,4.545454545454546,1992.4651162790697,7.564086866864287,517.2666666666665
45,181396b71a4723deaa02c3dd3ffa9041,25,5.4,690.2669768227968,10.314814814814815,10.166666666666666,1500.0377358490566,8.955650487039788,807.6000000000001
46,31b451688ffc6f785c22bf74374507bc,4,10.25,481.67203243565694,15.512195121951219,15.195121951219512,523.475,9.07540567323176,538.1999999999999
47,83ae2db3b59285394e07063a7d0d0512,13,5.0,481.2941230939391,8.371428571428572,8.314285714285715,272.88235294117646,10.3183839530703,528.4499999999999
48,1eb30783865c10a8abc395e1b73bd578,28,2.5454545454545454,326.0170805920439,5.035714285714286,3.857142857142857,2611.074074074074,10.848160777020045,322.59999999999997
49,dca7c0d776c64df418bf3b63756927c2,15,11.6,632.3674046503536,5.879310344827586,5.793103448275862,472.8070175438597,8.528023529411765,708.3333333333336
50,da436a25d31e42fa12c800bacf3d8032,5,8.333333333333334,496.19994887345126,3.04,2.96,1115.1836734693877,6.2288557213930345,633.1500000000001
51,90a155db6f98de56ed6baaeccb5aafdd,24,4.75,460.4911066896989,4.368421052631579,4.315789473684211,1206.3243243243244,6.380102436753066,644.3
52,83a0efd007f4db8f0b7db5753d80fd87,19,6.6,342.8774724048368,7.424242424242424,7.151515151515151,1846.1875,6.885884473704836,425.3
53,432754fe9722d008cd7328f34852de61,32,3.32,1242.2884310504098,8.674698795180722,8.602409638554217,1013.4268292682926,13.580645625548696,1158.05
54,cfa9233eafdbccac8d2a864b0df390d4,27,2.076923076923077,367.14198071673275,15.37037037037037,14.962962962962964,302.38461538461536,8.301360961698133,461.6833333333332
55,6f660e81330d77df19d4e3fb14b18730,6,7.333333333333333,504.8586019279125,5.931818181818182,5.7272727272727275,722.3720930232558,6.8875467502274335,659.5333333333333
56,7c1478b12207107ae4296e656a49d6f6,37,3.5,684.0193159224693,1.875,1.7142857142857142,1158.909090909091,8.846204091953053,790.9833333333332
57,6c56118b534a5b446d1fd0eab7dc9b19,19,4.214285714285714,806.7487499099013,9.983050847457626,9.864406779661017,1441.9827586206898,10.604251886846805,867.8499999999997
58,548a85a2fbb4986fd7a632566e8cb9c3,33,8.166666666666666,513.0921115446911,1.6938775510204083,1.489795918367347,130.04166666666666,7.147054905826251,625.6166666666667
59,b9912d7f760895a9a5f9e046a70e7d8e,15,2.357142857142857,506.2893126374788,19.303030303030305,19.21212121212121,2391.875,11.07632455343627,550.5000000000001
60,417055c67f5510da99ac623b02b87847,4,7.8,444.2044848944288,6.897435897435898,6.6923076923076925,634.2894736842105,9.612583839029064,469.64999999999986
61,7481015e6b377191f3b1531bc74e6908,25,3.0833333333333335,373.86019036789406,7.864864864864865,7.756756756756757,5.944444444444445,6.945090842356396,454.0833333333334
62,8902cda459f8ac02c38efb2815cf4026,28,5.090909090909091,654.308984382832,4.642857142857143,4.160714285714286,37.14545454545455,6.907758437082502,860.7833333333333
63,281274ed70a896744065199c58462f3d,29,4.363636363636363,804.3128359327426,10.895833333333334,10.770833333333334,89.02127659574468,10.837765714390159,911.8500000000001
64,dc9a5809e396367a5a0767ac9226a64f,15,3.7777777777777777,427.13687466911887,20.61764705882353,18.11764705882353,795.2727272727273,13.33525705978237,378.3166666666666
65,97332a03726c052b1283fdd36dbdeca4,21,8.5,328.7799542421117,2.8823529411764706,2.6176470588235294,2363.3939393939395,5.290865831443548,448.3166666666665
66,4d1e99b879de5fa11e3f5423416f0497,36,8.971428571428572,3231.642970849334,0.4585987261146497,0.445859872611465,249.61341853035142,5.233229129483199,4622.349999999999
67,bf0a8a6ddc179a9466082343c5862904,36,13.2,728.9481160931398,3.4242424242424243,3.303030303030303,189.93846153846152,6.167821026681648,993.8166666666666
68,04c4ffa5a385eab86fa7e422263d2999,30,4.230769230769231,749.705501932469,2.8727272727272726,2.709090909090909,101.88888888888889,8.1297607421875,955.7333333333335
69,0213f8b59219e32142711992ca4ec01f,30,9.6,2675.2362492823163,0.7916666666666666,0.75,293.8033472803347,8.672077741580404,2997.9666666666667
70,905f8007cd46415eba8b9dce088b4395,36,4.111111111111111,452.0472907568733,7.4324324324324325,6.675675675675675,806.25,10.595738575220604,464.63333333333344
71,a3e28ae11607ad68dedbc2baff2210e2,16,2.9,290.2942708190935,1.4137931034482758,1.0344827586206897,395.42857142857144,6.437887067395264,366.00000000000006
72,d876df0212e45f5a630b89f5a04532fa,14,2.4545454545454546,257.5584052303015,4.296296296296297,2.925925925925926,3316.346153846154,5.48585730948678,342.93333333333334
73,a0b52413e2eedcc5ca6f31d53ab1a96c,39,4.1,418.96031882220865,8.048780487804878,7.560975609756097,828.65,7.346104682454252,495.46666666666675
74,7da41cde0e0d0503549eeb7ca5609a9f,12,5.571428571428571,502.65673481054347,4.076923076923077,3.923076923076923,121.0,10.277015755329009,539.5
75,2b4078909534095c15f578c588667bc9,8,6.625,607.6436317993714,5.69811320754717,3.9245283018867925,1634.25,8.663048983431011,691.05
76,fff482c704d36a1afe8b8978d5486283,34,2.1875,357.4092285906023,9.085714285714285,8.771428571428572,89.41176470588235,6.2974036760192105,461.54999999999995
77,117ea72f13b43f0f4055b0472dcb6b1b,17,2.235294117647059,499.3338815580715,25.605263157894736,25.473684210526315,2054.675675675676,8.945360126439377,590.5333333333335
78,3b6ae24dc593e6609bf90a1b80630439,21,6.555555555555555,933.4904590370382,2.440677966101695,2.3389830508474576,1144.7758620689656,8.197773227882827,1245.45
79,32d6b6b2ad34385519bd4492ce78eee4,40,2.9,274.1507629421585,14.96551724137931,14.931034482758621,144.5,5.647171129220023,357.9166666666667
80,370e9f95700973dd95508e2f39b2bd29,20,5.7,655.632044970816,4.12280701754386,3.912280701754386,735.75,8.52741087599947,754.5666666666665
81,314d2be0d3461375f9e9ecf56b2b04ee,13,4.083333333333333,645.4771765278521,6.551020408163265,4.122448979591836,1327.25,8.111511897198369,813.2166666666666
82,2f50e03ac03a920d1447b894643797f6,35,4.0,345.4177962808771,5.75,5.625,365.83870967741933,6.290043446777697,460.33333333333326
83,aeda204ee39ccc79f22fe31ed73882ad,13,3.9,375.26456373005897,5.794871794871795,5.666666666666667,1159.7105263157894,6.303778499304243,467.1166666666667
84,df11122e91571fcd91143da33fd3542a,14,3.3,401.0142827535926,3.121212121212121,2.909090909090909,2.375,6.33718558803535,563.8833333333333
85,881527a718b502bacbd04b6f45fcc2fc,16,3.6666666666666665,511.82604535606725,7.954545454545454,7.818181818181818,1001.7441860465116,9.906955848179706,537.9166666666665
86,706466935b9e1d04e4e116be7ce90ea9,43,3.8,209.78006225740575,34.0,33.26315789473684,4580.666666666667,8.053216294061171,243.03333333333333
87,cc2186bc2bd14948eb9b490d14fcd686,11,7.714285714285714,603.4268806840071,4.074074074074074,4.0,247.26415094339623,6.214470597751355,824.2000000000002
88,400daded5197f955191887cd567338ee,29,8.5,974.2160536700349,7.823529411764706,7.647058823529412,1205.44776119403,10.059692707075586,1104.2666666666664
89,2ba51f9574a5c08327a718edada3e052,18,5.0,475.4374038384263,8.05,7.9,2045.923076923077,7.936187306323884,580.8666666666666
90,764289a2931fb70d1d27d5603d49edd2,25,2.7857142857142856,445.60635628684224,7.846153846153846,7.589743589743589,1992.0,6.916599562866675,579.5333333333334
91,455ec8a8532948fe2c5e308af37216a1,29,10.304347826086957,2763.9327185430043,0.459915611814346,0.4050632911392405,359.8008474576271,8.230205196406642,3270.849999999998
92,4e428667c6bb84323046e5647dfdfff0,20,3.75,602.4281110351656,13.0,12.733333333333333,248.20454545454547,10.317034057934125,654.7666666666669
93,4aa585f63fbe04dcded4019662cc47f8,28,6.0,457.9741668551496,2.238095238095238,2.0714285714285716,526.8536585365854,6.002012232253965,629.4833333333333
94,46b9dc30efea1755f8ada69668793bf5,33,4.0,363.06040970832754,10.178571428571429,9.821428571428571,511.81481481481484,10.658228401539,381.20000000000005
95,acd7dc6118befb6724aa3752d1cdbea1,26,5.384615384615385,1054.6069617400096,2.4285714285714284,2.3857142857142857,918.5507246376811,12.449285022774525,1050.1499999999999
96,bde37c58877c64b6ce4b309dc2154bad,21,4.0,417.25935395876564,4.666666666666667,4.333333333333333,893.8,7.111173097783976,537.75
97,42256e33936dfa69088f540a720edc97,22,7.0,437.0692019047146,10.82857142857143,10.371428571428572,1918.735294117647,8.198305665431214,535.1166666666667
98,a909251d04212c2b8d369aa619c13ddf,37,2.380952380952381,612.3238983724178,0.88,0.68,800.6326530612245,9.179476686806442,692.3833333333333
99,ad6a8aef632e7684c3b1e1e9dc0f7d23,4,9.2,600.697199850042,1.6304347826086956,1.434782608695652,1667.6444444444444,10.713723299550448,626.55
100,163b1ac215580e695280d8f94c687ef4,28,4.642857142857143,786.1930690510812,10.446153846153846,9.446153846153846,1151.265625,10.925733987647009,787.9333333333329
101,8c0d55bf42d242ac86f43c4031d6371f,33,2.6666666666666665,254.05722100571253,5.125,4.875,294.04347826086956,5.706476586102719,353.06666666666666
102,7c64b8d49dd5fbe34f44a9b4bae0e7b4,46,9.555555555555555,2840.0952031018946,0.4728682170542636,0.4496124031007752,59.48249027237354,8.737632462074295,3148.6999999999966
103,179ef343f855d34fa0262c720cdb9a52,3,5.25,227.96868944619118,15.619047619047619,15.285714285714286,502.3,8.824497991967872,249.00000000000003
104,6cdff0516a17236168522e0a270f4671,32,4.142857142857143,377.06228074034493,10.310344827586206,9.10344827586207,545.6071428571429,10.259899975403787,406.56666666666666
105,add2977c3e55ba8475f60054a75a8b14,10,5.625,614.3264889623491,9.622222222222222,9.444444444444445,1320.9545454545455,10.552361499861311,660.9499999999997
106,122972e7c73c944e744e6eca819d93e7,24,3.6363636363636362,479.07647795162404,14.925,14.55,538.7179487179487,9.107785542019665,539.0333333333335
107,be34f66b259b110d8908297419741202,48,2.888888888888889,647.329846657636,5.6923076923076925,5.538461538461538,983.3137254901961,10.17753754625263,689.15
108,02e440f6c209206375833cef02e0cbae,48,4.0,718.8830426427396,4.196428571428571,3.767857142857143,833.3454545454546,9.105675616241179,833.6833333333333
109,8969d175c4676642b245af55d2dba19b,15,4.142857142857143,325.1803595096955,4.896551724137931,4.620689655172414,349.64285714285717,11.448489161375083,304.4666666666667
110,7f47fd2db9cfdc30fe46068ad017152b,41,4.2727272727272725,579.1788582731637,4.74468085106383,4.574468085106383,1872.7391304347825,8.11508644991543,709.4666666666668
111,ac986e2a577103efe48b23cd17a4b6ed,35,6.0,491.2224682913492,4.928571428571429,4.595238095238095,99.63414634146342,7.224158079252098,627.5333333333333
112,e72a4e847306ddfd0540d630c79b33e4,14,3.75,312.8396879217567,4.9,4.0,2957.1724137931033,6.905546968916366,388.2
113,e246b5012a29db02ad24ce4b7e332b9b,53,4.285714285714286,270.2915388502947,5.066666666666666,4.8,317.3103448275862,4.811031067086898,370.16666666666663
114,32b84f6d92b60badb7a8a6c47088151d,37,2.6,522.3797976023297,12.512820512820513,12.307692307692308,72.92105263157895,11.430009753641883,529.7166666666666
115,e33e7bd3f983ccbc3014e3689b1062f7,29,7.333333333333333,458.82775340201556,5.7272727272727275,5.4772727272727275,1583.3720930232557,7.785887236250432,530.0166666666667
116,ccf0631bc6ad481b3d7becb69564f61b,16,5.833333333333333,480.0558239568187,16.142857142857142,15.114285714285714,1789.6764705882354,8.33177041674711,604.2833333333333
117,57c15602f0b088ce6b9e4f88edce149c,31,4.083333333333333,562.6784934445178,11.551020408163266,11.0,1578.5,8.480414805688177,649.3000000000001
118,849726bb431c44a984e5f0f60923a0ff,26,5.4,680.9058434803501,14.074074074074074,13.537037037037036,1056.245283018868,10.611706881143878,708.7
119,459af73e5a9d360ff51cf284c571f01b,19,3.272727272727273,378.5954640701571,13.277777777777779,13.055555555555555,2191.8285714285716,7.5385787556678805,448.43333333333345
120,7062cc9432dba19f5b474be707a73525,33,12.823529411764707,5804.41125244303,0.3853211009174312,0.36926605504587157,194.4919540229885,8.35354037324507,7210.633333333336
121,d952de85df73349f0280fbb2345148ae,29,4.363636363636363,570.9489641799329,9.125,8.541666666666666,54.95744680851064,8.263085736669442,680.7666666666665
122,be22fe5992cb9557d7748113ea1f6057,22,6.8,509.0455914639956,5.5588235294117645,5.294117647058823,346.45454545454544,11.438044996121024,537.0833333333334
123,d787d7b7e3798edd7498b9cbd9b59206,8,6.571428571428571,504.43962133545426,3.369565217391304,3.217391304347826,1641.1555555555556,8.907814537404859,549.6166666666667
124,276f6a36e30c69076c4cab7970ade946,9,4.666666666666667,559.9556212028948,6.619047619047619,6.4523809523809526,297.9756097560976,6.7955613908771335,787.0333333333333
125,98a7f586f974550506502f52e47700f5,35,9.0,802.892896649144,3.537037037037037,3.4074074074074074,25.867924528301888,11.022840882873183,866.8666666666668
126,5f34c8fc5bdd33f14bb71999b8286aef,18,5.166666666666667,358.2278031574021,7.193548387096774,6.935483870967742,2325.8,7.851760820308,433.9833333333334
127,514da6a81ecbe7cd98fc71045c66aae1,31,3.4444444444444446,349.4605118122957,7.32258064516129,6.387096774193548,1654.4,7.604308124560993,427.1
128,ac51126328b559dd3872766d2455bba0,40,5.9,698.8574118914171,9.559322033898304,7.084745762711864,11.051724137931034,6.662120196209902,944.5666666666667
129,af4bae4a0b7a75194dbd4951c78bb98a,12,3.25,325.17715301925017,23.73076923076923,23.346153846153847,2293.84,10.577249408050513,337.86666666666656
130,c7fa83cac784c0f6225cfe30bb96572b,12,6.833333333333333,438.40853614939454,5.2926829268292686,5.048780487804878,2119.675,6.829695240954812,555.0833333333335
131,9b7b9829183e266882d4815d95357a1a,18,4.6,499.1394969863422,2.5434782608695654,2.391304347826087,359.7111111111111,8.849682666830981,540.9666666666666
132,fd831ca1d79ae5c6fc3a679a22e5b8cf,16,3.8,171.8012044399153,5.578947368421052,5.0,2459.8888888888887,6.019732149932641,210.31666666666672
133,1cf95d6dd025d792340b623bcff18260,43,6.142857142857143,429.71386943301815,5.348837209302325,4.651162790697675,1564.5714285714287,6.328137867927405,546.4166666666666
134,7767360462c03c38f487f16f57b02e02,28,3.2857142857142856,260.2760825845792,10.043478260869565,9.91304347826087,3221.3636363636365,7.736605727570538,315.43333333333334
135,06b1ba06e5505f8218ec8686498f990a,13,6.285714285714286,452.8117685925079,5.090909090909091,4.931818181818182,1926.3255813953488,6.3236198940352075,585.1
136,da8f13b0ebc53fe1147d982f087b5806,50,4.3,576.5036666293843,4.232558139534884,4.1395348837209305,1996.9285714285713,8.859485228613392,692.2166666666667
137,6bc4ee6df691c3bed34c69aa93964ee9,45,3.5833333333333335,482.1179025728973,5.023255813953488,4.813953488372093,26.452380952380953,7.164659628285494,606.1999999999999
138,34699d5745d74c7076fd1ef051b795a9,28,9.333333333333334,750.6272546012651,5.339285714285714,4.696428571428571,177.87272727272727,8.79572564612326,905.4
139,bb2984ebd891be82156fff038a85aafa,44,4.25,395.5284417048811,10.058823529411764,9.794117647058824,25.696969696969695,9.029371790999697,441.4666666666667
140,7aee4951b59fcd1edda02bbecaa2a717,31,3.6363636363636362,462.13105786637163,12.65,12.35,2171.3846153846152,9.482692630518718,496.4166666666667
141,b9926f42a5fd6cc0c455fe59a21961ab,45,7.116279069767442,4756.879932771612,0.7222222222222222,0.6764705882352942,130.94754098360656,10.945646876702119,5232.450000000003
142,6db38fccb3ac1de3981b701eb5a15d84,55,3.533333333333333,743.2717140939762,7.867924528301887,7.735849056603773,1469.3076923076924,10.39592861809866,816.2666666666669
143,f1a2419d56c2a09edf4030caeebeb5b6,24,4.0,404.1214687428801,8.03125,7.90625,642.483870967742,7.160319030542847,539.1333333333332
144,5e5bfc73736d6aa15ac33ea01d47e5ee,17,6.2,341.343520656501,11.96774193548387,10.838709677419354,2516.1666666666665,7.9720049916805324,400.66666666666663
145,fb83fc6555a4f700fd92630d9fcb9cea,29,2.9411764705882355,761.026015360334,0.92,0.52,1309.6326530612246,11.08535424137442,822.6499999999999
146,37ac4f9379c836b08c9a6e2315fd66af,50,2.75,451.50757346904123,1.1136363636363635,0.9545454545454546,1424.8139534883721,5.830760356004834,606.7333333333336
147,ac3c378542ada7cfedc24720ef9e3273,36,3.6153846153846154,525.3099755054868,4.702127659574468,4.51063829787234,258.30434782608694,6.187346009018642,717.0333333333333
148,ed0c7d2a0d5f60d527c0c3643495ddca,30,2.9,868.131999436622,7.051724137931035,6.948275862068965,70.26315789473684,13.40977030219109,818.4666666666668
149,bf2693c5774a77e478e418119be97c5c,14,4.5,359.0525799644575,56.7037037037037,55.51851851851852,2284.846153846154,11.465314196338209,362.29999999999995
150,da3325f424c71942ca8a3401615a0e6c,55,4.4,227.80363814980052,17.636363636363637,17.363636363636363,2978.285714285714,6.922935562273993,281.15
151,5a22303ccd79309f5324acc7b0e751bf,45,6.0,488.1306752954628,7.895833333333333,7.0,101.76595744680851,6.022303870834196,644.1333333333331
152,46fcd24790c5eae35fa517051024bfe7,48,12.416666666666666,3381.442200550122,1.4899328859060403,1.436241610738255,42.397306397306394,8.684787301310424,3821.9166666666665
153,6b0ba48a13c721f5fb766339a42d25f2,61,7.122448979591836,3529.7560912009485,2.1146131805157595,2.103151862464183,229.7787356321839,8.350248185833214,3837.850000000002
154,ddee9dcc776c7b87e68628ffa0f99dc7,47,1.4666666666666666,585.8460708779166,10.659090909090908,10.409090909090908,843.8139534883721,9.783250607779578,658.1333333333334
155,9b665130b27de44f369a44b2cb752670,26,4.0,399.1040342459228,9.222222222222221,8.944444444444445,2266.542857142857,9.21345861437093,427.48333333333323
156,d1b2185245eeac47821e98471c915947,39,2.65,659.5787076855523,12.622641509433961,12.415094339622641,1501.9807692307693,11.663425696634778,639.3833333333333
157,fba8372d56b91b1bff7b71d970b5af58,59,3.1923076923076925,1164.068860787652,1.9879518072289157,1.855421686746988,11.512195121951219,9.449974953878483,1364.1500000000003
158,f395649fb47860aebc4817c7a6ea90e6,46,3.6153846153846154,496.1182295972261,1.553191489361702,1.3617021276595744,66.0,5.789553294786406,683.1500000000002
159,b2d3f2fb171a12cac427107690c10089,32,3.066666666666667,717.4241364617379,6.804347826086956,6.630434782608695,1379.4666666666667,11.998494990790242,741.9666666666666
160,d7ae05b007ca320a0d1fb128ccced638,57,6.486486486486487,2835.7026310164406,2.7666666666666666,1.4041666666666666,16.07949790794979,6.912570251280431,3745.4833333333336
161,b572ff3bea0c3095a3a5d24db765dd42,35,4.666666666666667,408.4209941632388,7.428571428571429,7.285714285714286,2026.5853658536585,7.375730160991594,467.9333333333333
162,d2fe91351bb890ca8ea9b76201b05964,23,5.375,532.458034734736,5.372093023255814,5.232558139534884,1352.7142857142858,7.730644482408577,673.1499999999999
163,5cf93f7d1d3a8f0cf395c84053c31b1b,39,4.0,358.07724396336386,4.071428571428571,3.892857142857143,861.4074074074074,8.644068455853754,428.5
164,148fb453d12992652b56d8bc2cfb1b78,46,3.625,290.2325705195919,2.9310344827586206,2.7586206896551726,127.21428571428571,7.606831176647607,332.3000000000001
165,e0493acb44c53e68e3c3aca626cd466b,25,7.333333333333333,495.168462599575,9.954545454545455,9.818181818181818,321.9767441860465,7.555381658429434,607.0000000000001
166,9ac5116c46dc8515c0aec6f7153c6440,56,6.615384615384615,2842.344014680969,0.28294573643410853,0.24806201550387597,175.99221789883268,7.541736110104685,3450.05
167,b1adb42b262bed41aeab28e9f6e93633,42,13.433333333333334,4728.944144340743,0.13647642679900746,0.12655086848635236,122.55970149253731,6.64631961144905,6362.099999999999
168,edca8abe7dd3a699bde27f9241e73dda,37,2.25,323.09795790821073,17.77777777777778,17.444444444444443,300.2692307692308,7.94021304366132,395.8499999999999
169,118be60e268514eb85f66ddb82bfa407,22,3.0,539.7230912589425,17.794871794871796,17.41025641025641,1184.6315789473683,11.194234362487766,561.95
170,ba5185bc3765e91878ea56a67f156acb,42,6.375,666.2444664976533,1.4509803921568627,1.2941176470588236,1266.66,8.564515463917525,808.3333333333333
171,7553628edc729ab03cedd3ded8de8736,25,2.9,416.8008887908501,8.655172413793103,8.620689655172415,869.7857142857143,10.45143683354419,461.0833333333334
172,6241b9c147df1d0c7027321d4e1d53cf,27,8.25,2499.7607338701996,0.5411255411255411,0.4935064935064935,362.53913043478263,7.324978194505015,3057.3333333333317
173,e121472f6b4dd372dfceb87c7e30cbac,48,6.333333333333333,489.01348810899697,4.2894736842105265,4.184210526315789,2168.5675675675675,6.801151603139841,677.3166666666666
174,5c00ecb439cd4e2377e9bb3de84b0e74,66,4.166666666666667,597.0525208967654,3.32,3.12,1528.2244897959183,6.933786972276059,791.1333333333333
175,6df6c8f8d3c2a93314245a604c02bed1,37,1.4545454545454546,220.59070352649744,7.625,6.625,332.1333333333333,8.65111002085122,271.76666666666665
176,5718c878f7879770af94d41951431983,45,4.875,451.3006276900261,3.717948717948718,3.5384615384615383,175.1578947368421,6.26025350233489,624.5833333333335
177,de0746635475c2be3d26489184659460,46,8.529411764705882,3858.998137911607,1.2689655172413794,1.2448275862068965,152.8892733564014,8.856552243452825,4603.766666666667
178,1f8e4a81c9da3260c84f14483319a338,44,4.888888888888889,467.4905697739447,8.636363636363637,8.477272727272727,1926.3255813953488,7.703444302953126,549.6999999999999
179,2ba60fe37b426385154d69d8eff687e1,39,3.1538461538461537,439.1225798401829,10.024390243902438,9.78048780487805,1091.1,7.6859554528532,519.2999999999998
180,58d8c3038cd500e773aff605e28ce8a7,34,3.125,653.2083455536638,14.78,14.12,109.53061224489795,11.594209239480119,647.5833333333331
181,367091701b7a57ef3e93c9fe2f6d3b3c,39,2.588235294117647,459.6530408738985,25.795454545454547,25.59090909090909,187.0,7.762868455785306,530.3666666666667
182,133c19880625cbe91986ee3c402866cd,36,5.1,600.2978029005681,1.5686274509803921,1.3137254901960784,230.0,5.717686301266014,879.3999999999997
183,10ab4d373b29fb6ee31ae2b7b39fc574,21,3.2,448.90516035144833,29.90625,29.71875,80.2258064516129,10.383158606695975,492.8333333333335
184,0822973f3e812a68a867962dbbd37f5d,27,2.4,357.09678309120505,3.888888888888889,3.6666666666666665,58.68571428571428,7.057879453774918,424.73333333333335
185,9e003a96a6aa5a9207530767c2a8b310,26,5.333333333333333,823.0536900095692,1.09375,0.984375,1232.126984126984,8.96201173396099,963.0166666666665
186,fac81ea6cbd540c89c7eee17e851a233,35,5.555555555555555,493.9641231726463,3.38,3.24,494.3265306122449,7.765682323930956,554.2333333333332
187,c9b9fc54bf7c8edcbe35b1091f38cf0f,46,4.833333333333333,1018.590769354725,9.293103448275861,9.017241379310345,263.0877192982456,11.320718946563987,1134.0666666666675
188,787fafc34f07b372b60981ccdc4018eb,27,5.214285714285714,860.0924033993232,10.027397260273972,9.904109589041095,855.1805555555555,10.01380608722937,902.9833333333332
189,b14d2355eb3b7daf6b07c44a31fb23d4,41,5.0,422.31614516924134,3.925,3.7,1709.4102564102564,6.6017241379310345,541.3333333333333
190,a854b4bcf206030120913620bc664396,59,9.078947368421053,3697.03262918132,0.7246376811594203,0.7072463768115942,60.799418604651166,6.534404847845402,4802.133333333331
191,dfe29c1db80f470f4fa8046bc7e5d8a0,56,4.818181818181818,618.7333037642762,6.9245283018867925,6.69811320754717,1635.3461538461538,9.261371434173121,680.0666666666666
192,19029e596b5c3e45cc6b3cca0640fa58,33,4.5,702.5891168429293,7.355555555555555,7.333333333333333,1674.8181818181818,12.411764705882353,709.75
193,604097f005384ad20d982e7584f27c09,28,3.6666666666666665,701.0589762801316,6.4363636363636365,6.327272727272727,79.25925925925925,11.46246787249886,693.8500000000003
194,9da29e218f6be3ea257d35f98eee1088,60,7.021739130434782,3672.892511497469,0.5634674922600619,0.5356037151702786,78.57142857142857,7.9144422825525185,4385.733333333327
195,162441a5f1b85a5c3780686296c3bc75,48,2.2777777777777777,613.4413637308876,5.7560975609756095,5.560975609756097,1161.95,10.988448431392202,665.1333333333334
196,6b941e22c8f9b2f159cce49fef9febff,39,6.375,598.0999032481222,11.96078431372549,11.784313725490197,1638.6,8.245876603543067,709.3666666666664
197,0abc4faab8bbdf4d62412655fe0a2398,33,7.666666666666667,471.56182229568225,6.304347826086956,6.130434782608695,491.64444444444445,8.209167410429682,522.8666666666664
198,85bfeb44e07b0d4e86c637353080289d,48,11.472222222222221,4709.526011238565,0.3268765133171913,0.29055690072639223,112.93446601941747,7.38718825354058,5888.866666666666
199,6a464f9c764040d89517cb5ed9257953,32,9.347826086956522,2509.040394811953,0.9255813953488372,0.8976744186046511,398.9579439252336,8.633920628502109,2885.166666666667
200,91278ab4c7170ed070a5cd653cab3d26,30,3.6363636363636362,448.56237234311385,0.825,0.675,486.7692307692308,8.586545406789677,507.6333333333334
201,f91254f1c1b3112ef3464e477d23c9e8,35,1.6111111111111112,337.12438660983184,4.241379310344827,3.793103448275862,2635.464285714286,9.365417762859476,367.43333333333334
202,51b528390e8e7780595f6009b1f4cf72,30,17.142857142857142,2568.8961002191377,0.43333333333333335,0.39166666666666666,271.54811715481173,6.50965068028568,3341.733333333332
203,16cd1e08be52741e1516cade45ae7754,32,3.8125,850.1491846761201,4.721311475409836,4.639344262295082,1178.7333333333333,11.176076429295394,887.9666666666668
204,7473815d8eb56f765461525f1bf48c93,38,4.25,397.0200866566419,22.08823529411765,21.5,269.0,8.596852521269215,456.45000000000005
205,8b0662c4244f85c5dd7ab46810ca6b04,40,2.1666666666666665,493.4786509335089,10.102564102564102,9.846153846153847,193.1315789473684,9.129019941848512,567.4833333333335
206,1805f90c5220ac830835df3309a76e78,63,1.7619047619047619,485.36301108943206,8.162162162162161,7.945945945945946,45.5,8.060484090290998,612.8333333333331
207,f129b4923a3e5d5f676a592a8e4b7efd,55,4.5,476.2975653663406,6.044444444444444,5.733333333333333,1438.4545454545455,7.211120988787244,581.1833333333334
208,28e4da66781b209cd9a299365a0dcab0,46,3.0,294.35447250839894,4.481481481481482,4.111111111111111,3005.846153846154,7.1165699782451055,367.73333333333335
209,c56b62b863a81370827e04d2c0a669a8,57,2.8421052631578947,736.3741884623512,13.25925925925926,12.851851851851851,993.5471698113207,8.64382248280694,903.95
210,8224c23bca05c2adb3fdf40752eb1b3c,70,6.462962962962963,4535.650935211536,1.5386819484240688,1.518624641833811,158.30459770114942,9.289493937274663,5219.049999999997
211,619fb670865cb3e2583cc22fde1337f1,56,12.181818181818182,6815.106327388865,0.10298507462686567,0.09253731343283582,50.01494768310912,6.431237228150646,8669.78333333334
212,915b7e1b8cdd0e1bf9826e8ae91706b4,32,5.25,726.7041492620162,13.976190476190476,13.261904761904763,1800.9512195121952,13.168696011762544,725.4666666666669
213,bdca40c895def7985563060c5dcbd0ca,27,3.727272727272727,604.0816086760206,4.170731707317073,3.902439024390244,191.525,11.187736288777254,643.6333333333334
214,5efe1190183936849880ece11b1ece77,61,7.416666666666667,4622.2343967962,0.8258426966292135,0.8033707865168539,47.53521126760563,8.914676737769385,5454.5499999999965
215,ded0963ff2f6582b382b72de6f123a08,70,6.56140350877193,4031.2970809275866,0.27540106951871657,0.25668449197860965,35.128686327077745,7.105811164594775,5010.183333333333
216,1936720ce0900cbff6d9114328c84bee,63,2.6,327.130161851028,6.961538461538462,6.538461538461538,1952.68,12.078134204466341,311.21666666666664
217,a21d85d9c18b9589f82a618f0531ecac,71,1.736842105263158,301.68191922982925,3.0606060606060606,2.8181818181818183,13.84375,6.679916516459539,351.3666666666665
218,987c2e7dfc9a93697b8dfd030487ff01,63,8.384615384615385,3456.4971956039967,0.12232415902140673,0.09480122324159021,162.37423312883436,6.418753170016549,4501.816666666665
219,10d2c35bb4b440aa1eaf06d477ff27a6,27,4.0,651.7271677292141,16.825,16.675,2207.025641025641,10.920760842230402,729.0166666666667
220,2cc500616c927ce30d0bd1e87c699ef5,63,4.857142857142857,466.4155942518879,10.235294117647058,8.264705882352942,112.87878787878788,9.084312432562044,556.0666666666667
221,4742b3f8432af0165e291edc6b8c5e53,40,3.2666666666666666,667.8745756562731,5.122448979591836,4.469387755102041,545.7916666666666,10.044869066553169,744.0166666666664
222,6cb35e276085548f3f095a85aa63af7b,29,4.0,334.8374095591982,2.5,2.2857142857142856,2399.925925925926,6.8412432533035545,447.75000000000006
223,336c8ec2eb47bc1453b85ee78849038e,40,8.161290322580646,2766.8731943985304,0.691699604743083,0.6719367588932806,248.26190476190476,6.584437535981578,3618.750000000002
224,1c44fab20b7f0804c11d88dc0554edf4,28,4.555555555555555,469.5724342442657,5.829268292682927,5.658536585365853,1640.8,8.587684361192357,535.6333333333333
225,8b688ef44a5b17bd7150350d059e67ea,72,2.1379310344827585,952.639053955866,2.1774193548387095,2.032258064516129,1376.5737704918033,12.962409257528929,927.5333333333333
226,1aee4c95edf898beee1a8b49a1f898b0,65,5.76,4485.042814296547,2.7708333333333335,2.7604166666666665,16.261324041811847,12.012711910170609,4629.516666666662
227,392f50e58bee8a34399972bf0cb175d3,40,8.515151515151516,2977.4416489119762,0.6156583629893239,0.604982206405694,12.6,6.555379863684346,3836.683333333336
228,7abb74e551c262a945929b92e0551b04,35,6.848484848484849,2591.362383179855,0.6902654867256637,0.6371681415929203,342.7422222222222,6.9337708063415455,3370.3666666666686
229,a7fa04a6b4111cac92989ac266ec40d2,31,2.857142857142857,752.0970619757168,0.26666666666666666,0.48333333333333334,230.03389830508473,11.279653559353434,719.7000000000002
230,96d7ab03f9156154f6f2144263a85579,65,10.0,2953.9666663601247,0.5961538461538461,0.5846153846153846,285.13127413127415,6.414569742155949,3970.099999999998
231,8c40d50720fcc5990329f7312d1ad327,62,3.0714285714285716,718.439156544505,16.53488372093023,16.511627906976745,1919.547619047619,13.537697225082002,696.1166666666667
232,20f5672c1b6a59b9d5ec09a34ad90e9b,41,5.0,527.0852246510992,8.28888888888889,8.2,207.13636363636363,7.62281906505926,655.3000000000002
233,3474d70dfe09a1d9545f436cd3f3136a,28,8.4,391.99995144593447,9.880952380952381,9.642857142857142,2105.9268292682927,5.185950282700022,527.6500000000001
234,0b10af0ede0648dbe6ae05813c5cbf1b,28,4.75,396.52279442504374,9.578947368421053,9.473684210526315,2103.3783783783783,9.630870811012832,401.35
235,4952bdd8850792b72466848cb4930f10,51,7.09375,2506.4911696057598,1.3744493392070485,1.3083700440528634,6.623893805309734,6.95645821157218,3193.8666666666695
236,3e8d06b82eb75b584564ce66217b3514,34,12.090909090909092,3510.544023102638,0.6917293233082706,0.6390977443609023,194.60377358490567,8.083289182476431,4435.55
237,fdbee494c73577d5b1266d1fec5c6c9a,27,3.9166666666666665,577.3666575117749,5.319148936170213,5.0212765957446805,1487.0652173913043,10.940235159162604,581.1666666666667
238,cdab4b0c1ece5d2bc1d671ef6bf21382,43,4.0,274.1078172377082,8.642857142857142,8.285714285714286,1451.8148148148148,6.930455758571135,324.73333333333335
239,5420c76a41d255a40272c8f3c1f93c6a,70,2.625,963.0494072891164,4.873015873015873,4.73015873015873,34.33870967741935,12.451792207792208,962.4999999999997
240,52bc8ebc7db90d5b77453bf475677ebd,34,5.222222222222222,502.2669546439327,4.9361702127659575,4.76595744680851,386.7391304347826,5.910008471499455,688.5833333333333
241,afc352444f34fc17d988c3fdf916756b,29,4.2,458.27067104113064,7.595238095238095,7.190476190476191,1870.7317073170732,6.271929111454353,615.0500000000001
242,46e1da1c7fe0602747beb9fe6bbaf037,60,3.0,323.86476324041746,2.4242424242424243,2.090909090909091,30.09375,6.977575363261765,384.24999999999994
243,7b8eaf284addb604039c7e22d23c903f,67,4.862745098039215,2903.4634866632687,1.2298387096774193,1.1169354838709677,116.36842105263158,10.398930367004466,2963.6333333333328
244,7a1fd3df8aa8197bdb3be8c5d4ffa92d,40,4.75,390.3151871408983,6.947368421052632,6.7894736842105265,113.5945945945946,6.892452241445064,480.71666666666664
245,1674103b16c39ab56a76884b7c2ca83e,54,6.96,4002.676552408649,1.0459770114942528,1.014367816091954,215.68011527377521,7.865853742574803,4837.133333333335
246,9c0158ebe58592fdb3d18fb9c4623db7,67,5.4,3619.8843873223377,1.0168350168350169,0.9966329966329966,16.125,10.432887532856844,3747.3166666666657
247,bd2cf0eb59f96babbb13b724d8d77b12,72,8.181818181818182,3078.559340040017,0.3925925925925926,0.362962962962963,70.79925650557621,7.492783784610945,3812.0166666666664
248,4d10262d534bd366736dcabc8d37a3bb,60,8.147058823529411,3437.8061770580894,0.6353790613718412,0.6245487364620939,194.09420289855072,9.016392129754518,3954.133333333336
249,9d59581a50c97cf28d30f80cc77dd76c,74,5.3,536.7641399124277,2.4339622641509435,2.339622641509434,1574.2692307692307,5.908625525946704,713.0
250,011e5c5dfc5c2c92501b8b24d47509bc,68,2.8333333333333335,427.2732759392049,17.41176470588235,17.352941176470587,1357.3636363636363,9.23311076870399,486.75000000000006
251,039c5afbca8e03e4c18d9c8ea94140ac,61,1.5833333333333333,430.00338245491935,3.1842105263157894,2.8421052631578947,140.8918918918919,8.069405192244496,507.16666666666663
252,8506914d35a1146dd602b68a93b5be5a,66,3.533333333333333,671.792258470346,6.566037735849057,6.377358490566038,404.59615384615387,12.195793388862695,636.3000000000001
253,05bad02e08c7f849e91dc1259da8b4ec,31,3.2857142857142856,621.2182104713735,14.304347826086957,13.434782608695652,1916.6222222222223,9.644712692361994,708.2999999999998
254,c97fa24cacdc7b092c81d9556d4a3aab,66,5.98,3825.599151710224,0.451505016722408,0.43812709030100333,141.30872483221478,9.134660333257935,4420.999999999997
255,583740d998ccdf639276e797a6caa9df,47,2.4375,409.2832484165352,13.256410256410257,12.871794871794872,336.9736842105263,7.984001431639227,465.66666666666663
256,5ae3c8ba3ae2b9230664674dadf8535a,38,7.371428571428571,3076.765835895459,0.5658914728682171,0.5465116279069767,1.9143968871595332,6.139172989581062,4355.8499999999985
257,3575446a7484516f5593add3ddd37451,70,6.982142857142857,6229.369982916396,1.2455242966751918,1.0255754475703325,57.05384615384615,11.08668553586161,6848.316666666661
258,2ebb15757eae00c4c491f569ca1a72a4,73,6.8,349.4810692747752,2.1470588235294117,2.0588235294117645,127.36363636363636,5.733561835478455,476.53333333333313
259,dc5fe88ac0b99e77e8630795cfc16981,73,9.789473684210526,4508.018398461481,1.1478494623655915,1.1102150537634408,157.78975741239893,8.71901764786327,5240.483333333331
260,3777e15bb2eb838394a372e119d96462,70,4.833333333333333,330.51226276196036,11.448275862068966,11.068965517241379,2453.5,7.044215151634038,424.8166666666667
261,3a1d9fb7a8cfd55ae38d1b4fb1520d1f,42,10.774193548387096,3965.9828675606145,0.24550898203592814,0.218562874251497,50.645645645645644,7.664869460770752,4939.766666666662
262,7fc97bb967d4380b38e8490aceb85224,49,8.790697674418604,4186.375243163867,0.30423280423280424,0.2804232804232804,151.9416445623342,6.854654167659593,5385.316666666665
263,4343b3dc4ad77e98d38808b64003bee0,53,6.257142857142857,2560.557153495637,1.8310502283105023,1.7716894977168949,53.68807339449541,7.3446415198859265,3249.3666666666663
264,2a4afd4ab156dd0a6a0dc48bdf5d8db7,37,5.25,539.6606157720971,5.190476190476191,4.9523809523809526,1813.4634146341464,8.274187467008522,663.0499999999998
265,cb5ecf234f7492c867bfa875a2c677b5,77,2.7857142857142856,413.6187185057229,2.769230769230769,2.58974358974359,37.21052631578947,6.683939623594796,527.8
266,7f4350f4a358ac264ccf3b10c4966afc,78,7.2,355.4018829540889,11.88888888888889,11.63888888888889,592.6857142857143,6.672228387738701,435.5166666666667
267,80cb80668a3c444e3e8962d1c861b9d0,58,1.8695652173913044,640.7347896239036,11.837209302325581,11.674418604651162,23.142857142857142,14.261936416184971,576.6666666666667
268,ea1f8d9a6f34043a8e8a3f78dbda7f9a,70,10.043478260869565,2391.1596487587026,0.42424242424242425,0.38961038961038963,250.02173913043478,5.533119257336354,3332.149999999999
269,93587c4ead63454c615f4651e2841ba2,78,8.177777777777777,4069.0412531141164,0.9239130434782609,0.7853260869565217,230.45231607629427,6.8696177974051835,5223.2333333333345
270,f467b8de5a37d9a818c0cbb557089c55,38,1.8125,558.6328595449064,16.586206896551722,14.758620689655173,154.89285714285714,11.530315493406214,628.1166666666668
271,cea2a4389f823240e8dfbc3ea95e42f0,67,2.8181818181818183,419.25598857088426,5.290322580645161,4.258064516129032,2334.1666666666665,7.439832794758531,562.1833333333334
272,8a64fa582ad5ac3bce95a38756b1875c,57,12.428571428571429,7688.525664193596,0.3825944170771757,0.3727422003284072,21.013157894736842,8.447970957190611,9273.666666666664
273,8da0796b60fa75a5ced6d1c3bf1f3064,70,8.767441860465116,4226.126569848508,0.1883289124668435,0.16976127320954906,50.444148936170215,6.906732643574749,5446.349999999999
274,daddf0bdb8874309dd07bd9d91396166,52,3.0,273.2723169580904,4.555555555555555,4.37037037037037,3308.923076923077,9.111717267552182,281.0666666666666
275,8d5a99f2032a336a57222948915edf09,70,5.0,668.1836120894282,4.1,4.033333333333333,1048.4915254237287,6.942958377136628,856.1000000000001
276,8eb2f1fd0858319b86b9e44b64660eb6,79,1.71875,923.8765730713628,3.5636363636363635,3.4727272727272727,325.77777777777777,11.545933109701418,1003.6333333333333
277,9494350df132e6748afca3bc5d138dcc,43,2.6875,795.1857821384334,15.465116279069768,15.30232558139535,1238.452380952381,13.513535702256652,791.7333333333336
278,647bd8b8b02c285db177096a351f8e2c,65,5.666666666666667,391.47547762851025,9.735294117647058,7.823529411764706,101.54545454545455,6.385970381917381,534.5833333333334
279,c7de222dc1b99eddaa9a665687b94dc3,64,4.416666666666667,650.5943559637285,2.6037735849056602,2.490566037735849,666.9807692307693,8.379364129738045,780.0333333333334
280,3babf7dbd39edd11603dcd53e50dc050,34,3.75,422.9792623808518,4.566666666666666,3.566666666666667,2680.0689655172414,8.232023128498493,541.8999999999999
281,7ee801015b6ba9dc0aa2687cb28b8361,56,4.358974358974359,2303.165788339734,0.9764705882352941,0.9352941176470588,448.3786982248521,8.733405208358151,2798.066666666666
282,f696de645de36b56677457d2d3136524,57,3.625,362.8345634318001,8.482758620689655,8.241379310344827,193.17857142857142,8.096424984189577,448.01666666666665
283,80597153cf2bec000612ba2e45a72d91,80,5.0,2637.8405531667236,0.6355555555555555,0.5733333333333334,369.39732142857144,6.904292343387471,3476.733333333335
284,2231ec7a993e7ce92f79588ccc405e21,49,3.0,609.6731509355801,13.307692307692308,13.102564102564102,2192.1052631578946,10.958443942739475,671.7833333333335
285,a60115fe0ec8c0e2d4fb8958a28567f6,51,4.714285714285714,363.3353449861434,3.484848484848485,3.242424242424242,1183.15625,7.69271371199082,435.7499999999999
286,419eef26d8db5ccac04bf5d87af8059a,51,6.275862068965517,1956.418784168251,0.4010989010989011,0.3626373626373626,421.9226519337017,8.27174806093452,2211.1166666666672
